
tensor([-1.0054e+00,  1.3145e-03,  0.0000e+00,  1.0044e+00, -4.0129e-03,
         0.0000e+00,  9.4849e-04,  2.6984e-03,  0.0000e+00,  3.5066e-01,
         5.3523e-01,  0.0000e+00,  3.4641e-01,  5.3970e-01,  0.0000e+00,
        -6.9706e-01, -1.0749e+00,  0.0000e+00,  3.5001e+01,  3.5001e+01,
         3.5001e+01], device='cuda:0', grad_fn=<AddBackward0>)
tensor([-9.9995e-01, -1.2170e-04,  0.0000e+00,  1.0006e+00, -2.0728e-04,
         0.0000e+00, -6.3271e-04,  3.2898e-04,  0.0000e+00,  3.4717e-01,
         5.3244e-01,  0.0000e+00,  3.4727e-01,  5.3343e-01,  0.0000e+00,
        -6.9444e-01, -1.0659e+00,  0.0000e+00,  3.5001e+01,  3.5001e+01,
         3.5001e+01], device='cuda:0', grad_fn=<AddBackward0>)
tensor([-1.0006e+00, -2.0543e-04,  0.0000e+00,  1.0027e+00, -7.7789e-04,
         0.0000e+00, -2.0252e-03,  9.8332e-04,  0.0000e+00,  3.4761e-01,
         5.3278e-01,  0.0000e+00,  3.4802e-01,  5.3538e-01,  0.0000e+00,
        -6.9563e-01, -1.0682e+00,  0.0000e+00,  3.5007e+01,  3.5007e+01,
         3.5007e+01], device='cuda:0', grad_fn=<AddBackward0>)

100, .00001:
tensor([-1.0010e+00, -4.0977e-03,  0.0000e+00,  1.0101e+00,  4.5474e-03,
         0.0000e+00, -9.0220e-03, -4.4967e-04,  0.0000e+00,  3.4763e-01,
         5.3669e-01,  0.0000e+00,  3.5548e-01,  5.3412e-01,  0.0000e+00,
        -7.0312e-01, -1.0708e+00,  0.0000e+00,  3.5070e+01,  3.5070e+01,
         3.5070e+01], device='cuda:0', grad_fn=<AddBackward0>)
5. 1e-05: 
tensor([-1.0002e+00, -1.8846e-04,  0.0000e+00,  1.0015e+00, -5.0960e-04,
         0.0000e+00, -1.3070e-03,  6.9806e-04,  0.0000e+00,  3.4735e-01,
         5.3239e-01,  0.0000e+00,  3.4753e-01,  5.3438e-01,  0.0000e+00,
        -6.9488e-01, -1.0668e+00,  0.0000e+00,  3.5000e+01,  3.5000e+01,
         3.5000e+01], device='cuda:0', grad_fn=<AddBackward0>)
100. 1e-07: 
tensor([-1.0000e+00, -5.5892e-05,  0.0000e+00,  1.0003e+00, -1.1525e-04,
         0.0000e+00, -3.1426e-04,  1.7114e-04,  0.0000e+00,  3.4715e-01,
         5.3260e-01,  0.0000e+00,  3.4719e-01,  5.3310e-01,  0.0000e+00,
        -6.9434e-01, -1.0657e+00,  0.0000e+00,  3.5000e+01,  3.5000e+01,
         3.5000e+01], device='cuda:0', grad_fn=<AddBackward0>)
Index: 1051

tensor(0.0061, device='cuda:0', grad_fn=<MseLossBackward0>)
tensor([-0.0575,  0.0448,  0.0000,  0.0876, -0.0127,  0.0000, -0.0301, -0.0320,
         0.0000, -0.0007,  0.1016,  0.0000,  0.0616,  0.0471,  0.0000, -0.0609,
        -0.1487,  0.0000, -0.0067,  0.0011,  0.0015], device='cuda:0')
tensor([-9.9861e-01, -9.7982e-04,  0.0000e+00,  9.9912e-01, -2.3440e-04,
         0.0000e+00, -5.0441e-04,  1.2142e-03,  0.0000e+00,  3.4714e-01,
         5.3013e-01,  0.0000e+00,  3.4608e-01,  5.3307e-01,  0.0000e+00,
        -6.9322e-01, -1.0632e+00,  0.0000e+00,  3.5000e+01,  3.5000e+01,
         3.5000e+01], device='cuda:0', grad_fn=<SubBackward0>)
Epoch:14

Index: 1050
100, 0.0001: 
tensor([-9.9893e-01, -7.4325e-04,  0.0000e+00,  9.9957e-01, -2.9102e-04,
         0.0000e+00, -6.3392e-04,  1.0343e-03,  0.0000e+00,  3.4715e-01,
         5.3068e-01,  0.0000e+00,  3.4640e-01,  5.3330e-01,  0.0000e+00,
        -6.9354e-01, -1.0640e+00,  0.0000e+00,  3.5000e+01,  3.5000e+01,
         3.5000e+01], device='cuda:0', grad_fn=<SubBackward0>)

Index: 1005

tensor(0.0016, device='cuda:0', grad_fn=<MseLossBackward0>)
tensor([ 7.1210e-03, -4.0473e-04,  0.0000e+00, -8.1067e-04,  4.7226e-03,
         0.0000e+00, -6.3103e-03, -4.3178e-03,  0.0000e+00, -1.7189e-03,
         5.6033e-03,  0.0000e+00,  7.9140e-03, -1.1227e-03,  0.0000e+00,
        -6.1922e-03, -4.4774e-03,  0.0000e+00,  2.1117e-05, -1.5832e-03,
         1.5429e-03], device='cuda:0')
tensor([-9.9232e-01, -6.3557e-03,  0.0000e+00,  9.8709e-01, -2.0787e-03,
         0.0000e+00,  5.2308e-03,  8.4345e-03,  0.0000e+00,  3.4827e-01,
         5.1322e-01,  0.0000e+00,  3.3395e-01,  5.2974e-01,  0.0000e+00,
        -6.8223e-01, -1.0430e+00,  0.0000e+00,  3.5001e+01,  3.5000e+01,
         3.5000e+01], device='cuda:0', grad_fn=<SubBackward0>)
Epoch:534


MSE just one period:
Index: 1004

tensor(0.0073, device='cuda:0', grad_fn=<AddBackward0>)
tensor([ 0.0251, -0.0156,  0.0000,  0.0010,  0.0285,  0.0000, -0.0261, -0.0128,
         0.0000, -0.0015,  0.0057,  0.0000,  0.0287, -0.0071,  0.0000, -0.0269,
         0.0017,  0.0000,  0.0016, -0.0081,  0.0067], device='cuda:0')
tensor([-9.9826e-01, -6.1122e-03,  0.0000e+00,  9.8489e-01, -9.0490e-03,
         0.0000e+00,  1.3376e-02,  1.5161e-02,  0.0000e+00,  3.5239e-01,
         5.0795e-01,  0.0000e+00,  3.2384e-01,  5.3286e-01,  0.0000e+00,
        -6.7628e-01, -1.0409e+00,  0.0000e+00,  3.5001e+01,  3.5002e+01,
         3.4998e+01], device='cuda:0', grad_fn=<SubBackward0>)
Epoch:270

Index: 1004

1000, 0.0001: 
tensor([-1.0003e+00,  1.7547e-04,  0.0000e+00,  9.9942e-01,  3.7990e-04,
         0.0000e+00,  8.8568e-04, -5.5537e-04,  0.0000e+00,  3.4725e-01,
         5.3316e-01,  0.0000e+00,  3.4721e-01,  5.3146e-01,  0.0000e+00,
        -6.9404e-01, -1.0655e+00,  0.0000e+00,  3.5707e+01,  3.5707e+01,
         3.5707e+01], device='cuda:0', grad_fn=<SubBackward0>)
1000, 1e-05: 
tensor([-1.0089e+00, -5.6179e-03,  0.0000e+00,  1.0044e+00,  1.7051e-05,
         0.0000e+00,  4.5403e-03,  5.6008e-03,  0.0000e+00,  3.4644e-01,
         5.2207e-01,  0.0000e+00,  3.3618e-01,  5.3151e-01,  0.0000e+00,
        -6.9760e-01, -1.0590e+00,  0.0000e+00,  3.5708e+01,  3.5706e+01,
         3.5706e+01], device='cuda:0', grad_fn=<SubBackward0>)

10, 1e-06: 
tensor([-9.9988e-01, -5.0256e-05,  0.0000e+00,  1.0000e+00, -5.7994e-05,
         0.0000e+00, -1.4517e-04,  1.0825e-04,  0.0000e+00,  3.4708e-01,
         5.3256e-01,  0.0000e+00,  3.4707e-01,  5.3288e-01,  0.0000e+00,
        -6.9420e-01, -1.0653e+00,  0.0000e+00,  3.5707e+01,  3.5707e+01,
         3.5707e+01], requires_grad=True)
10, 1e-06: 
tensor([-9.9986e-01, -6.7734e-05,  0.0000e+00,  1.0000e+00, -7.8124e-05,
         0.0000e+00, -1.9754e-04,  1.4586e-04,  0.0000e+00,  3.4707e-01,
         5.3251e-01,  0.0000e+00,  3.4706e-01,  5.3294e-01,  0.0000e+00,
        -6.9421e-01, -1.0653e+00,  0.0000e+00,  3.5707e+01,  3.5707e+01,
         3.5707e+01], requires_grad=True)
5, 1e-06: 
tensor([-1.0000,  0.0000,  0.0000,  1.0000,  0.0000,  0.0000,  0.0000,  0.0000,
         0.0000,  0.3471,  0.5327,  0.0000,  0.3471,  0.5327,  0.0000, -0.6942,
        -1.0655,  0.0000, 35.7071, 35.7071, 35.7071], requires_grad=True)
5, 1e-06: 
tensor([-9.9998e-01, -1.7274e-05,  0.0000e+00,  1.0000e+00, -1.9554e-05,
         0.0000e+00, -5.1331e-05,  3.6828e-05,  0.0000e+00,  3.4710e-01,
         5.3268e-01,  0.0000e+00,  3.4710e-01,  5.3279e-01,  0.0000e+00,
        -6.9423e-01, -1.0654e+00,  0.0000e+00,  3.5707e+01,  3.5707e+01,
         3.5707e+01], requires_grad=True)
3, 1e-06: 
tensor([-1.0000,  0.0000,  0.0000,  1.0000,  0.0000,  0.0000,  0.0000,  0.0000,
         0.0000,  0.3471,  0.5327,  0.0000,  0.3471,  0.5327,  0.0000, -0.6942,
        -1.0655,  0.0000, 35.7071, 35.7071, 35.7071], requires_grad=True)
3, 1e-06: 
tensor([-9.9998e-01, -1.7274e-05,  0.0000e+00,  1.0000e+00, -1.9554e-05,
         0.0000e+00, -5.1331e-05,  3.6828e-05,  0.0000e+00,  3.4710e-01,
         5.3268e-01,  0.0000e+00,  3.4710e-01,  5.3279e-01,  0.0000e+00,
        -6.9423e-01, -1.0654e+00,  0.0000e+00,  3.5707e+01,  3.5707e+01,
         3.5707e+01], requires_grad=True)
3, 1e-06: 
tensor([-9.9998e-01, -1.7274e-05,  0.0000e+00,  1.0000e+00, -1.9554e-05,
         0.0000e+00, -5.1331e-05,  3.6828e-05,  0.0000e+00,  3.4710e-01,
         5.3268e-01,  0.0000e+00,  3.4710e-01,  5.3279e-01,  0.0000e+00,
        -6.9423e-01, -1.0654e+00,  0.0000e+00,  3.5707e+01,  3.5707e+01,
         3.5707e+01], requires_grad=True)
3, 1e-06: 
tensor([-9.9993e-01, -6.9690e-05,  0.0000e+00,  1.0001e+00, -7.9532e-05,
         0.0000e+00, -2.0773e-04,  1.4922e-04,  0.0000e+00,  3.4708e-01,
         5.3254e-01,  0.0000e+00,  3.4707e-01,  5.3298e-01,  0.0000e+00,
        -6.9424e-01, -1.0654e+00,  0.0000e+00,  3.5707e+01,  3.5707e+01,
         3.5707e+01], device='cuda:0', grad_fn=<SubBackward0>)
3, 1e-06: 

3, 1e-06: 
tensor([-9.9993e-01, -6.9690e-05,  0.0000e+00,  1.0001e+00, -7.9532e-05,
         0.0000e+00, -2.0773e-04,  1.4922e-04,  0.0000e+00,  3.4708e-01,
         5.3254e-01,  0.0000e+00,  3.4707e-01,  5.3298e-01,  0.0000e+00,
        -6.9424e-01, -1.0654e+00,  0.0000e+00,  3.5707e+01,  3.5707e+01,
         3.5707e+01], device='cuda:0', grad_fn=<SubBackward0>)
3, 1e-06: 
tensor([-9.9993e-01, -6.9690e-05,  0.0000e+00,  1.0001e+00, -7.9532e-05,
         0.0000e+00, -2.0773e-04,  1.4922e-04,  0.0000e+00,  3.4708e-01,
         5.3254e-01,  0.0000e+00,  3.4707e-01,  5.3298e-01,  0.0000e+00,
        -6.9424e-01, -1.0654e+00,  0.0000e+00,  3.5707e+01,  3.5707e+01,
         3.5707e+01], device='cuda:0', grad_fn=<SubBackward0>)
3, 1e-06: 
tensor([-1.0004e+00, -8.1702e-04,  0.0000e+00,  1.0008e+00, -1.7325e-04,
         0.0000e+00, -4.3645e-04,  9.9028e-04,  0.0000e+00,  3.4655e-01,
         5.3129e-01,  0.0000e+00,  3.4574e-01,  5.3367e-01,  0.0000e+00,
        -6.9474e-01, -1.0640e+00,  0.0000e+00,  3.5707e+01,  3.5707e+01,
         3.5707e+01], device='cuda:0', grad_fn=<SubBackward0>)
1000, 1e-05: 
tensor([-1.0089e+00, -5.6278e-03,  0.0000e+00,  1.0043e+00, -2.1155e-06,
         0.0000e+00,  4.5193e-03,  5.6299e-03,  0.0000e+00,  3.4643e-01,
         5.2202e-01,  0.0000e+00,  3.3615e-01,  5.3153e-01,  0.0000e+00,
        -6.9759e-01, -1.0589e+00,  0.0000e+00,  3.5708e+01,  3.5706e+01,
         3.5706e+01], device='cuda:0', grad_fn=<SubBackward0>)
300, 1e-05: 
tensor([-1.0089e+00, -5.6278e-03,  0.0000e+00,  1.0043e+00, -2.1155e-06,
         0.0000e+00,  4.5193e-03,  5.6299e-03,  0.0000e+00,  3.4643e-01,
         5.2202e-01,  0.0000e+00,  3.3615e-01,  5.3153e-01,  0.0000e+00,
        -6.9759e-01, -1.0589e+00,  0.0000e+00,  3.5708e+01,  3.5706e+01,
         3.5706e+01], requires_grad=True)
500, 1e-05: 
tensor([-1.0040e+00, -3.0816e-03,  0.0000e+00,  1.0025e+00,  1.3581e-04,
         0.0000e+00,  1.5363e-03,  2.9458e-03,  0.0000e+00,  3.4555e-01,
         5.2774e-01,  0.0000e+00,  3.4089e-01,  5.3317e-01,  0.0000e+00,
        -6.9651e-01, -1.0603e+00,  0.0000e+00,  3.5708e+01,  3.5707e+01,
         3.5707e+01], requires_grad=True)
5, 1e-05: 
tensor([-9.9990e-01, -1.0500e-04,  0.0000e+00,  1.0002e+00, -1.2034e-04,
         0.0000e+00, -3.1344e-04,  2.2535e-04,  0.0000e+00,  3.4707e-01,
         5.3244e-01,  0.0000e+00,  3.4704e-01,  5.3310e-01,  0.0000e+00,
        -6.9426e-01, -1.0654e+00,  0.0000e+00,  3.5707e+01,  3.5707e+01,
         3.5707e+01], requires_grad=True)
5, 1e-05: 
tensor([-9.9990e-01, -1.0500e-04,  0.0000e+00,  1.0002e+00, -1.2034e-04,
         0.0000e+00, -3.1344e-04,  2.2535e-04,  0.0000e+00,  3.4707e-01,
         5.3244e-01,  0.0000e+00,  3.4704e-01,  5.3310e-01,  0.0000e+00,
        -6.9426e-01, -1.0654e+00,  0.0000e+00,  3.5707e+01,  3.5707e+01,
         3.5707e+01], requires_grad=True)
5, 1e-05: 
tensor([-9.9990e-01, -1.0500e-04,  0.0000e+00,  1.0002e+00, -1.2034e-04,
         0.0000e+00, -3.1344e-04,  2.2535e-04,  0.0000e+00,  3.4707e-01,
         5.3244e-01,  0.0000e+00,  3.4704e-01,  5.3310e-01,  0.0000e+00,
        -6.9426e-01, -1.0654e+00,  0.0000e+00,  3.5707e+01,  3.5707e+01,
         3.5707e+01], requires_grad=True)
500, 1e-05: 
tensor([-1.0040e+00, -3.0816e-03,  0.0000e+00,  1.0025e+00,  1.3581e-04,
         0.0000e+00,  1.5363e-03,  2.9458e-03,  0.0000e+00,  3.4555e-01,
         5.2774e-01,  0.0000e+00,  3.4089e-01,  5.3317e-01,  0.0000e+00,
        -6.9651e-01, -1.0603e+00,  0.0000e+00,  3.5708e+01,  3.5707e+01,
         3.5707e+01], requires_grad=True)
5, 1e-05: 
tensor([-9.9990e-01, -1.0500e-04,  0.0000e+00,  1.0002e+00, -1.2034e-04,
         0.0000e+00, -3.1344e-04,  2.2535e-04,  0.0000e+00,  3.4707e-01,
         5.3244e-01,  0.0000e+00,  3.4704e-01,  5.3310e-01,  0.0000e+00,
        -6.9426e-01, -1.0654e+00,  0.0000e+00,  3.5707e+01,  3.5707e+01,
         3.5707e+01], requires_grad=True)
5, 1e-05: 
tensor([-9.9990e-01, -1.0500e-04,  0.0000e+00,  1.0002e+00, -1.2034e-04,
         0.0000e+00, -3.1344e-04,  2.2535e-04,  0.0000e+00,  3.4707e-01,
         5.3244e-01,  0.0000e+00,  3.4704e-01,  5.3310e-01,  0.0000e+00,
        -6.9426e-01, -1.0654e+00,  0.0000e+00,  3.5707e+01,  3.5707e+01,
         3.5707e+01], requires_grad=True)
2, 1e-05: 
tensor([-9.9995e-01, -5.2120e-05,  0.0000e+00,  1.0001e+00, -5.9319e-05,
         0.0000e+00, -1.5520e-04,  1.1144e-04,  0.0000e+00,  3.4709e-01,
         5.3259e-01,  0.0000e+00,  3.4708e-01,  5.3291e-01,  0.0000e+00,
        -6.9424e-01, -1.0654e+00,  0.0000e+00,  3.5707e+01,  3.5707e+01,
         3.5707e+01], requires_grad=True)
2, 1e-05: 
tensor([-9.9995e-01, -5.2120e-05,  0.0000e+00,  1.0001e+00, -5.9319e-05,
         0.0000e+00, -1.5520e-04,  1.1144e-04,  0.0000e+00,  3.4709e-01,
         5.3259e-01,  0.0000e+00,  3.4708e-01,  5.3291e-01,  0.0000e+00,
        -6.9424e-01, -1.0654e+00,  0.0000e+00,  3.5707e+01,  3.5707e+01,
         3.5707e+01], requires_grad=True)
2, 1e-05: 
tensor([-9.9995e-01, -5.2120e-05,  0.0000e+00,  1.0001e+00, -5.9319e-05,
         0.0000e+00, -1.5520e-04,  1.1144e-04,  0.0000e+00,  3.4709e-01,
         5.3259e-01,  0.0000e+00,  3.4708e-01,  5.3291e-01,  0.0000e+00,
        -6.9424e-01, -1.0654e+00,  0.0000e+00,  3.5707e+01,  3.5707e+01,
         3.5707e+01], requires_grad=True)
20, 1e-05: 
tensor([-9.9968e-01, -3.2030e-04,  0.0000e+00,  1.0005e+00, -3.2561e-04,
         0.0000e+00, -8.0579e-04,  6.4591e-04,  0.0000e+00,  3.4696e-01,
         5.3184e-01,  0.0000e+00,  3.4682e-01,  5.3370e-01,  0.0000e+00,
        -6.9429e-01, -1.0652e+00,  0.0000e+00,  3.5707e+01,  3.5707e+01,
         3.5707e+01], requires_grad=True)
20, 1e-05: 
tensor([-9.9968e-01, -3.2030e-04,  0.0000e+00,  1.0005e+00, -3.2561e-04,
         0.0000e+00, -8.0579e-04,  6.4591e-04,  0.0000e+00,  3.4696e-01,
         5.3184e-01,  0.0000e+00,  3.4682e-01,  5.3370e-01,  0.0000e+00,
        -6.9429e-01, -1.0652e+00,  0.0000e+00,  3.5707e+01,  3.5707e+01,
         3.5707e+01], requires_grad=True)
1000, 0.0001: 
tensor([-9.8491e-01,  9.6172e-03,  0.0000e+00,  9.8039e-01, -1.6034e-02,
         0.0000e+00,  4.5150e-03,  6.4169e-03,  0.0000e+00,  3.4110e-01,
         5.2244e-01,  0.0000e+00,  3.3024e-01,  5.2970e-01,  0.0000e+00,
        -6.7745e-01, -1.0623e+00,  0.0000e+00,  3.5703e+01,  3.5715e+01,
         3.5704e+01], requires_grad=True)
1000, 4e-05: 
tensor([-1.0054e+00,  1.5448e-04,  0.0000e+00,  9.9720e-01, -6.9657e-03,
         0.0000e+00,  8.2357e-03,  6.8113e-03,  0.0000e+00,  3.4835e-01,
         5.2141e-01,  0.0000e+00,  3.3350e-01,  5.3554e-01,  0.0000e+00,
        -6.8331e-01, -1.0520e+00,  0.0000e+00,  3.5707e+01,  3.5711e+01,
         3.5704e+01], requires_grad=True)
1000, 1e-05: 
tensor([-1.0070e+00,  1.1105e-03,  0.0000e+00,  9.9748e-01, -7.5894e-03,
         0.0000e+00,  9.5395e-03,  6.4790e-03,  0.0000e+00,  3.4791e-01,
         5.2013e-01,  0.0000e+00,  3.3244e-01,  5.3536e-01,  0.0000e+00,
        -6.8149e-01, -1.0507e+00,  0.0000e+00,  3.5706e+01,  3.5712e+01,
         3.5702e+01], requires_grad=True)
500, 1e-05: 
tensor([-1.0064e+00,  2.3667e-03,  0.0000e+00,  9.9728e-01, -7.4266e-03,
         0.0000e+00,  9.1086e-03,  5.0600e-03,  0.0000e+00,  3.4699e-01,
         5.2103e-01,  0.0000e+00,  3.3373e-01,  5.3466e-01,  0.0000e+00,
        -6.8067e-01, -1.0512e+00,  0.0000e+00,  3.5706e+01,  3.5713e+01,
         3.5701e+01], requires_grad=True)
500, 1e-05: 
tensor([-1.0071e+00,  3.4293e-03,  0.0000e+00,  9.9878e-01, -7.0017e-03,
         0.0000e+00,  8.2800e-03,  3.5725e-03,  0.0000e+00,  3.4548e-01,
         5.2123e-01,  0.0000e+00,  3.3476e-01,  5.3331e-01,  0.0000e+00,
        -6.8136e-01, -1.0534e+00,  0.0000e+00,  3.5706e+01,  3.5714e+01,
         3.5700e+01], requires_grad=True)
500, 1e-05: 
tensor([ 9.8240e-01,  3.0906e-01, -3.8734e-03, -6.2880e-01, -3.9123e-01,
         2.4103e-03,  3.4641e-01,  8.8216e-01, -1.9854e-01,  3.4534e-01,
         5.1672e-01,  9.1001e-04,  3.1080e-01,  5.4594e-01,  2.5952e-03,
        -6.5122e-01, -1.0599e+00, -2.2345e-03,  3.5706e+01,  3.5713e+01,
         3.5701e+01], requires_grad=True)
500, 0.0003: 
tensor([ 1.2016e+00,  3.6680e-01, -6.1960e-02, -8.0204e-01, -4.3849e-01,
        -3.8628e-02,  3.0040e-01,  8.7170e-01, -9.9412e-02,  5.5863e-01,
         6.1459e-01, -5.8628e-03,  1.8129e-01,  5.2258e-01, -3.3537e-02,
        -5.4982e-01, -9.9128e-01,  3.1704e-02,  3.5709e+01,  3.5713e+01,
         3.5691e+01], requires_grad=True)
500, 0.00075: 
tensor([-4.6002e-01,  4.4753e-01, -6.1737e-02,  4.5206e+00,  5.6538e+00,
        -1.3682e-01, -3.3607e+00, -5.3013e+00, -1.4454e-03, -1.1542e+00,
        -4.2752e-01, -5.5005e-04,  4.3061e+00,  3.7100e+00,  1.1654e-04,
        -2.9997e+00, -3.1455e+00,  2.8830e-04,  3.5734e+01,  3.5711e+01,
         3.5629e+01], requires_grad=True)
500, 0.0001: 
tensor([-0.8975,  0.0985,  0.0000,  1.0961,  0.0971,  0.0000,  0.0989,  0.1019,
         0.0000,  0.3528,  0.5792,  0.0000,  0.3622,  0.5764,  0.0000, -0.6709,
        -1.0150,  0.0000,  1.0123,  1.0077,  1.0201], requires_grad=True)
15, 0.0001: 
tensor([-0.9016,  0.0984,  0.0000,  1.1016,  0.0984,  0.0000,  0.1016,  0.1016,
         0.0000,  0.3955,  0.5811,  0.0000,  0.3955,  0.5811,  0.0000, -0.6426,
        -1.0139,  0.0000,  1.0084,  1.0116,  1.0084], requires_grad=True)
25, 0.0001: 
tensor([-0.9890,  0.0096,  0.0000,  1.0096,  0.0082,  0.0000,  0.0096,  0.0110,
         0.0000,  0.3511,  0.5367,  0.0000,  0.3515,  0.5373,  0.0000, -0.6878,
        -1.0603,  0.0000,  0.9984,  1.0022,  1.0020], requires_grad=True)
25, 0.0001: 
tensor([-0.9880,  0.0086,  0.0000,  1.0090,  0.0092,  0.0000,  0.0086,  0.0116,
         0.0000,  0.3503,  0.5361,  0.0000,  0.3509,  0.5347,  0.0000, -0.6872,
        -1.0599,  0.0000,  0.9974,  1.0032,  1.0026], requires_grad=True)
10, 0.0001: 
tensor([-0.9895,  0.0101,  0.0000,  1.0089,  0.0087,  0.0000,  0.0101,  0.0105,
         0.0000,  0.3506,  0.5370,  0.0000,  0.3510,  0.5366,  0.0000, -0.6883,
        -1.0606,  0.0000,  0.9991,  1.0017,  1.0017], requires_grad=True)
10, 0.0001: 
tensor([-0.9894,  0.0100,  0.0000,  1.0084,  0.0086,  0.0000,  0.0100,  0.0106,
         0.0000,  0.3495,  0.5369,  0.0000,  0.3501,  0.5359,  0.0000, -0.6886,
        -1.0601,  0.0000,  0.9998,  1.0018,  1.0014], requires_grad=True)
10, 0.0001: 
tensor([-0.9894,  0.0100,  0.0000,  1.0084,  0.0086,  0.0000,  0.0100,  0.0106,
         0.0000,  0.3495,  0.5369,  0.0000,  0.3501,  0.5359,  0.0000, -0.6886,
        -1.0601,  0.0000,  0.9998,  1.0018,  1.0014], requires_grad=True)
10, 0.0001: 
tensor([-0.9887,  0.0097,  0.0000,  1.0081,  0.0085,  0.0000,  0.0099,  0.0109,
         0.0000,  0.3484,  0.5362,  0.0000,  0.3490,  0.5358,  0.0000, -0.6885,
        -1.0592,  0.0000,  0.9999,  1.0019,  1.0011], requires_grad=True)
10, 0.0001: 
tensor([-0.9890,  0.0098,  0.0000,  1.0074,  0.0086,  0.0000,  0.0100,  0.0108,
         0.0000,  0.3473,  0.5363,  0.0000,  0.3483,  0.5351,  0.0000, -0.6884,
        -1.0591,  0.0000,  1.0000,  1.0018,  1.0020], requires_grad=True)

20, 0.0001: 
tensor([-0.9888,  0.0100,  0.0000,  1.0082,  0.0090,  0.0000,  0.0104,  0.0104,
         0.0000,  0.3475,  0.5361,  0.0000,  0.3481,  0.5353,  0.0000, -0.6888,
        -1.0589,  0.0000,  1.0000,  1.0014,  1.0008], requires_grad=True)
20, 0.0001: 
tensor([-0.9493,  0.0497,  0.0000,  1.0497,  0.0503,  0.0000,  0.0501,  0.0499,
         0.0000,  0.3550,  0.5424,  0.0000,  0.3552,  0.5420,  0.0000, -0.6847,
        -1.0550,  0.0000,  1.0009,  1.0001,  0.9993], requires_grad=True)
35, 0.0001: 
tensor([-0.9482,  0.0498,  0.0000,  1.0496,  0.0506,  0.0000,  0.0504,  0.0496,
         0.0000,  0.3535,  0.5417,  0.0000,  0.3535,  0.5415,  0.0000, -0.6848,
        -1.0551,  0.0000,  1.0000,  0.9998,  0.9992], requires_grad=True)
100, 0.001: 
tensor([-0.9510,  0.0510,  0.0000,  1.0510,  0.0510,  0.0000,  0.0510,  0.0490,
         0.0000,  0.3441,  0.5437,  0.0000,  0.3461,  0.5417,  0.0000, -0.6832,
        -1.0565,  0.0000,  0.9990,  0.9990,  1.0030], requires_grad=True)
20, 0.0001: 
tensor([-0.9560,  0.0518,  0.0000,  1.0555,  0.0522,  0.0000,  0.0515,  0.0471,
         0.0000,  0.3443,  0.5465,  0.0000,  0.3485,  0.5403,  0.0000, -0.6857,
        -1.0610,  0.0000,  0.9978,  0.9980,  0.9994], requires_grad=True)
30, 1e-05: 
tensor([-0.9498,  0.0501,  0.0000,  1.0498,  0.0501,  0.0000,  0.0500,  0.0497,
         0.0000,  0.3562,  0.5426,  0.0000,  0.3566,  0.5421,  0.0000, -0.6847,
        -1.0555,  0.0000,  1.0001,  1.0002,  1.0000], requires_grad=True)
120, 1e-05: 
tensor([-0.9497,  0.0503,  0.0000,  1.0500,  0.0504,  0.0000,  0.0497,  0.0493,
         0.0000,  0.3539,  0.5419,  0.0000,  0.3551,  0.5408,  0.0000, -0.6866,
        -1.0562,  0.0000,  0.9996,  1.0006,  1.0002], requires_grad=True)
300, 1e-05: 
tensor([-0.9485,  0.0506,  0.0000,  1.0498,  0.0513,  0.0000,  0.0486,  0.0481,
         0.0000,  0.3477,  0.5379,  0.0000,  0.3513,  0.5352,  0.0000, -0.6903,
        -1.0581,  0.0000,  0.9990,  1.0016,  1.0016], requires_grad=True)
1000, 1e-05: 
tensor([-0.9468,  0.0511,  0.0000,  1.0497,  0.0518,  0.0000,  0.0470,  0.0470,
         0.0000,  0.3444,  0.5348,  0.0000,  0.3507,  0.5311,  0.0000, -0.6915,
        -1.0605,  0.0000,  0.9998,  1.0015,  1.0022], requires_grad=True)
1000, 1e-05: 
tensor([-0.9491,  0.0501,  0.0000,  1.0503,  0.0510,  0.0000,  0.0488,  0.0489,
         0.0000,  0.3462,  0.5331,  0.0000,  0.3487,  0.5319,  0.0000, -0.6939,
        -1.0643,  0.0000], requires_grad=True)
700, 0.0001: 
tensor([-0.9490,  0.0501,  0.0000,  1.0503,  0.0510,  0.0000,  0.0488,  0.0489,
         0.0000,  0.3463,  0.5331,  0.0000,  0.3487,  0.5320,  0.0000, -0.6940,
        -1.0647,  0.0000], requires_grad=True)
50, 0.0001: 
tensor([-1.2189e+00, -5.0000e-04,  0.0000e+00,  9.9830e-01,  1.9000e-03,
         0.0000e+00,  4.3000e-03, -3.5000e-03,  0.0000e+00,  1.0000e-04,
        -1.0072e+00,  0.0000e+00,  1.0000e-04, -5.3379e-01,  0.0000e+00,
         1.0000e-04,  8.4251e-01,  0.0000e+00], requires_grad=True)
100, 0.0001: 
tensor([-1.2181e+00, -4.1000e-03,  0.0000e+00,  9.9650e-01,  3.5000e-03,
         0.0000e+00,  7.5000e-03, -1.0000e-04,  0.0000e+00, -1.0000e-04,
        -1.0068e+00,  0.0000e+00, -1.0000e-04, -5.3339e-01,  0.0000e+00,
        -1.0000e-04,  8.3870e-01,  0.0000e+00], requires_grad=True)
110, 0.0001: 
tensor([-1.1723e+00,  4.3100e-02,  0.0000e+00,  1.0471e+00,  5.7300e-02,
         0.0000e+00,  5.7500e-02,  5.5100e-02,  0.0000e+00,  1.0001e-04,
        -1.0010e+00,  0.0000e+00,  1.0001e-04, -5.2679e-01,  0.0000e+00,
         1.0001e-04,  8.4430e-01,  0.0000e+00], requires_grad=True)
100, 0.0001: 
tensor([-1.3337e+00, -4.5000e-03,  0.0000e+00,  9.9770e-01,  4.3000e-03,
         0.0000e+00,  5.9000e-03, -1.1000e-03,  0.0000e+00, -1.0000e-04,
        -8.9493e-01,  0.0000e+00, -1.0000e-04, -2.7951e-01,  0.0000e+00,
        -1.0000e-04,  1.1835e+00,  0.0000e+00], requires_grad=True)
100, 0.0001: 
tensor([-1.2849e+00,  4.1700e-02,  0.0000e+00,  1.0463e+00,  5.7300e-02,
         0.0000e+00,  5.6300e-02,  5.4900e-02,  0.0000e+00,  3.0001e-04,
        -8.8493e-01,  0.0000e+00,  3.0001e-04, -2.6991e-01,  0.0000e+00,
         3.0001e-04,  1.1901e+00,  0.0000e+00], requires_grad=True)
100, 0.0001: 
tensor([-1.2844e+00,  4.1800e-02,  0.0000e+00,  1.0466e+00,  5.7200e-02,
         0.0000e+00,  5.6200e-02,  5.4600e-02,  0.0000e+00,  2.0001e-04,
        -8.8443e-01,  0.0000e+00,  2.0001e-04, -2.7001e-01,  0.0000e+00,
         2.0001e-04,  1.1898e+00,  0.0000e+00], requires_grad=True)
40, 0.0001: 
tensor([-1.2845e+00,  4.1900e-02,  0.0000e+00,  1.0465e+00,  5.6900e-02,
         0.0000e+00,  5.6300e-02,  5.4500e-02,  0.0000e+00,  1.0001e-04,
        -8.8453e-01,  0.0000e+00,  1.0001e-04, -2.7011e-01,  0.0000e+00,
         1.0001e-04,  1.1897e+00,  0.0000e+00], requires_grad=True)
40, 0.0001: 
tensor([-1.6720e+00, -1.5557e-03,  0.0000e+00,  1.0449e+00,  9.9139e-02,
         0.0000e+00,  7.8262e-02,  5.7847e-02,  0.0000e+00,  3.3255e-02,
        -1.1625e+00,  0.0000e+00,  9.1222e-02,  9.5598e-01,  0.0000e+00,
         2.1672e-02,  3.7669e+00,  0.0000e+00], requires_grad=True)
40, 0.0001: 
tensor([-1.6989e+00, -1.0000e-04,  0.0000e+00,  1.0003e+00,  1.0000e-04,
         0.0000e+00, -5.0000e-04, -1.0000e-04,  0.0000e+00, -1.0000e-04,
        -1.2291e+00,  0.0000e+00,  1.0000e-04,  8.6133e-01,  0.0000e+00,
         1.0000e-04,  3.6996e+00,  0.0000e+00], requires_grad=True)
40, 0.001: 
tensor([-1.6300e+00,  3.0658e-02,  0.0000e+00,  1.0551e+00,  2.5455e-02,
         0.0000e+00,  8.4931e-02, -2.6931e-03,  0.0000e+00,  4.7152e-02,
        -1.2179e+00,  0.0000e+00,  4.1826e-02,  9.0711e-01,  0.0000e+00,
         9.6619e-02,  3.7449e+00,  0.0000e+00], requires_grad=True)
30, 0.01: 
tensor([-1.5876e+00,  3.0364e-02,  0.0000e+00,  1.0508e+00, -7.3136e-04,
         0.0000e+00,  8.5583e-02,  4.6557e-02,  0.0000e+00,  6.1887e-02,
        -1.1536e+00,  0.0000e+00,  3.3914e-02,  8.9003e-01,  0.0000e+00,
         5.1717e-02,  3.7027e+00,  0.0000e+00], requires_grad=True)
30, 0.01: 
tensor([-1.6545e+00,  4.3054e-02,  0.0000e+00,  1.0206e+00,  1.4862e-03,
         0.0000e+00,  5.5751e-02,  1.4141e-02,  0.0000e+00,  2.1916e-02,
        -1.2166e+00,  0.0000e+00, -2.8852e-03,  8.5841e-01,  0.0000e+00,
         2.7063e-02,  3.7225e+00,  0.0000e+00], requires_grad=True)
30, 0.001: 
tensor([-1.6535,  0.0361,  0.0000,  1.0256,  0.0085,  0.0000,  0.0488,  0.0071,
         0.0000,  0.0149, -1.2136,  0.0000, -0.0179,  0.8534,  0.0000,  0.0341,
         3.7295,  0.0000], requires_grad=True)
30, 0.0001: 
tensor([-1.6546,  0.0350,  0.0000,  1.0267,  0.0096,  0.0000,  0.0477,  0.0060,
         0.0000,  0.0138, -1.2147,  0.0000, -0.0150,  0.8563,  0.0000,  0.0352,
         3.7306,  0.0000], requires_grad=True)